image_width: 1600
image_height: 1200
camera_name: basler_left
camera_matrix:
  rows: 3
  cols: 3
  data: [549.783884590799, -0.8298802854225314, 805.8811775735401, 
         0.0,              548.0837047175107,   597.847586097433, 
         0.0,              0.0,                   1.0]
distortion_model: equidistant
distortion_coefficients:
  rows: 1
  cols: 4
  data: [-0.002088, -0.003032, 0.003361, -0.000992]
rectification_matrix:
  rows: 3
  cols: 3
  data: [1, 0, 0, 0, 1, 0, 0, 0, 1]
projection_matrix:
  rows: 3
  cols: 4
  data: [274.8919422953995, -0.8298802854225314, 805.8811775735401, 0,
         0,                 274.0418523587554,   597.847586097433,  0, 
         0,                 0,                   1,                 0]
